4294967278,432
4294967279,221
4294967279,67
4294967279,66
4294967279,57
4294967278,316
4294967278,67
4294967278,66
4294967278,60
4294967278,55
4294967278,54
4294967278,52
4294967278,50
4294967279,64
4294967279,62
4294967279,56
4294967279,55
4294967279,54
4294967279,49
4294967294,1237
4294967294,1236
4294967294,1234
4294967294,1233
4294967294,1228
4294967294,1217
4294967294,1062
4294967294,1060
4294967294,1059
4294967294,1058
4294967294,1057
4294967294,60
133,2
4294967278,315
4294967278,186
4294967279,219
4294967278,48
4294967278,402
4294967279,217
4294967278,179
131,2
4294967278,42
4294967279,31
131,7
4294967279,407
4294967278,40
4294967278,39
4294967278,37
4294967278,35
4294967278,33
4294967279,39
4294967279,37
4294967279,35
4294967279,34
4294967278,369
4294967294,30
4294967294,387
4294967294,165
4294967294,113
4294967294,167
4294967294,177
4294967294,1153
4294967294,1085
4294967294,1077
4294967294,1073
4294967294,1069
4294967294,183
4294967294,599
4294967294,422
4294967294,18
4294967294,127
4294967294,14
4294967294,126
4294967294,20
4294967294,13
4294967294,166
4294967294,24
4294967294,12
4294967294,104
4294967294,106
4294967294,119
133,4
133,5
121,5
131,6
131,4
131,1
131,5
127,4
127,1
127,5
125,4
4294967279,215
125,1
125,6
121,4
4294967278,380
4294967279,25
4294967279,22
4294967279,21
4294967279,19
4294967279,6
4294967279,319
4294967279,156
4294967279,490
4294967279,486
4294967278,344
4294967279,147
437,5
4294967278,145
437,4
437,3
437,2
437,1
4294967278,141
4294967279,140
4294967278,88
4294967278,134
435,7
435,6
4294967279,273
435,5
4294967278,269
435,4
435,3
435,2
435,1
4294967294,1248
4294967294,161
4294967294,1155
4294967294,1075
4294967278,391
4294967279,266
4294967279,265
4294967279,9
4294967279,484
4294967279,262
4294967278,258
4294967279,284
4294967278,257
4294967279,259
4294967278,132
4294967278,355
4294967279,428
4294967278,337
4294967279,450
4294967278,339
4294967278,252
4294967278,245
4294967278,131
4294967278,127
4294967278,120
4294967278,112
4294967278,110
4294967278,109
4294967278,106
4294967278,104
4294967278,101
4294967278,342
4294967278,97
4294967278,96
4294967278,94
4294967278,437
4294967278,93
4294967278,92
4294967278,91
4294967278,90
4294967278,89
4294967278,433
4294967278,87
4294967278,382
4294967278,86
4294967278,85
4294967278,324
4294967278,83
4294967278,79
4294967278,77
4294967278,76
4294967278,74
4294967278,71
4294967278,65
4294967278,63
4294967278,61
4294967278,321
4294967278,329
4294967278,137
4294967278,347
4294967278,356
4294967279,309
4294967279,511
4294967279,474
4294967279,444
4294967279,442
4294967279,84
4294967279,76
4294967279,75
4294967279,72
4294967279,71
4294967279,70
4294967279,58
4294967279,52
4294967279,50
4294967279,436
4294967279,432
4294967279,17
4294967279,8
4294967279,5
4294967279,318
4294967279,254
4294967278,352
4294967278,378
4294967278,113
4294967278,326
4294967279,473
431,5
431,4
431,3
431,2
431,1
4294967278,323
4294967279,226
4294967279,317
429,6
4294967278,98
4294967278,327
4294967279,426
4294967294,474
4294967278,95
4294967278,325
4294967279,316
429,5
429,4
429,3
429,2
429,1
4294967279,388
4294967278,376
4294967278,84
4294967278,194
4294967279,441
427,6
4294967279,79
4294967294,473
4294967278,80
4294967279,315
4294967279,245
427,5
4294967278,75
4294967294,1065
4294967294,1074
4294967278,190
427,4
4294967278,189
427,3
427,2
427,1
4294967278,233
4294967279,190
4294967278,188
4294967278,72
4294967279,314
4294967279,412
4294967278,73
4294967278,320
4294967278,370
426,5
4294967278,184
4294967278,183
426,4
426,3
426,2
426,1
4294967278,182
4294967278,181
4294967279,60
4294967279,313
4294967278,64
4294967279,178
4294967279,177
4294967278,175
4294967279,176
425,5
425,4
425,3
425,2
425,1
4294967279,169
4294967294,405
4294967294,164
4294967294,439
424,5
4294967279,168
4294967279,167
424,4
424,3
424,2
424,1
4294967279,166
4294967279,165
4294967294,472
4294967278,161
4294967279,312
4294967279,88
4294967279,46
422,4
422,3
422,2
422,1
4294967279,41
4294967279,306
4294967279,40
4294967279,435
4294967279,433
4294967278,374
4294967294,114
4294967278,334
4294967294,1076
4294967294,1158
4294967294,176
4294967294,1156
4294967294,170
4294967278,377
4294967279,311
4294967279,310
4294967279,419
4294967279,26
4294967278,372
421,5
421,4
421,3
421,2
421,1
4294967278,406
4294967294,488
4294967279,431
4294967278,264
4294967278,330
4294967279,482
4294967294,115
4294967279,7
419,7
419,6
419,5
419,4
419,3
419,2
419,1
4294967278,119
4294967279,255
4294967278,375
4294967278,122
4294967278,328
4294967279,249
4294967278,248
4294967278,118
4294967278,108
4294967279,423
4294967279,453
4294967279,228
4294967279,213
4294967278,99
415,5
415,4
415,2
415,1
4294967279,205
4294967279,497
4294967278,202
4294967294,1430
4294967279,201
413,6
4294967279,418
4294967279,260
4294967294,38
4294967294,36
4294967279,80
4294967279,386
4294967278,78
4294967278,420
413,5
413,4
413,3
413,2
413,1
4294967278,70
4294967278,185
4294967279,186
411,6
411,5
411,4
411,3
411,2
411,1
4294967278,260
410,5
410,4
410,3
410,2
410,1
409,5
409,4
409,3
409,2
409,1
4294967278,395
4294967294,490
4294967279,157
4294967294,1
408,5
408,4
408,3
408,2
408,1
4294967294,388
4294967278,150
4294967278,147
4294967279,148
4294967294,426
4294967294,1068
4294967294,186
4294967294,1072
4294967294,110
4294967294,184
4294967294,448
4294967294,470
4294967279,0
406,4
406,3
406,2
406,1
0,7
4294967294,29
0,5
4294967294,0
4294967294,5
4294967279,417
4294967294,89
4294967278,0
4294967294,46
4294967294,390
4294967294,389
4294967294,120
4294967294,2
4294967294,107
4294967294,50
4294967294,91
4294967294,90
4294967294,87
4294967294,86
4294967294,85
4294967294,84
4294967294,1247
4294967294,1086
4294967294,1246
4294967294,419
4294967294,28
4294967294,1426
4294967294,27
4294967294,53
4294967294,1428
4294967294,45
4294967294,430
4294967294,44
4294967294,40
4294967294,37
4294967294,96
4294967294,94
4294967278,407
4294967294,9
4294967294,8
4294967294,1429
4294967294,7
4294967279,414
4294967294,6
4294967294,22
4294967294,17
4294967294,42
4294967294,67
4294967294,99
4294967294,76
4294967294,39
4294967294,41
4294967294,438
4294967294,43
4294967294,417
4294967294,51
4294967294,52
4294967294,25
4294967294,1242
4294967294,26
4294967294,93
4294967294,95
4294967294,81
4294967294,1163
4294967294,1166
4294967294,82
4294967294,1249
4294967294,83
4294967294,68
4294967294,11
4294967294,92
4294967294,88
4294967293,131
4294967293,130
4294967293,129
4294967293,128
4294967293,127
4294967293,126
4294967293,125
4294967293,124
4294967293,123
4294967293,122
4294967293,121
4294967293,120
4294967293,119
4294967293,118
4294967293,117
4294967293,116
4294967293,115
